1.567056979560412856e+03
1.492178521666051211e+03
1.709440934354712226e+03
2.193576177128235486e+03
2.416821742257827736e+03
2.380040123722364115e+03
1.976605945193628031e+03
2.427895768222706465e+03
1.982230721111462799e+03
1.082058957656329312e+03
1.513950516874698224e+03
1.729002694710669402e+03
2.097681678520584683e+03
2.192549926183950447e+03
1.901862905700495958e+03
1.717553861105981923e+03
2.064253668806280984e+03
1.980889230552540994e+03
1.671803312066651642e+03
2.096187357737823731e+03
1.831355813206732364e+03
1.711640241260183529e+03
1.694364829824269236e+03
2.045144687454371706e+03
2.022441546764158147e+03
1.760406977262211058e+03
1.736823995726831754e+03
1.834652608483959284e+03
1.584648602455487207e+03
2.086399093775994515e+03
3.194540570267585736e+03
1.592451419693715252e+03
2.087178494065372888e+03
2.522658392611006093e+03
2.439058967605533326e+03
2.565730057947699606e+03
2.944736668534837463e+03
2.705606091099427886e+03
2.237647942615445118e+03
1.513341726172581275e+03
2.906889910825936568e+03
2.224776486285493320e+03
2.573941229330676379e+03
2.606759005952747430e+03
2.372800632161886824e+03
1.977735113079022085e+03
1.789689009027710426e+03
1.836644897089294318e+03
2.978038169193379872e+03
2.083224641880664421e+03
2.782817766765917895e+03
2.048420744695083613e+03
2.629464669052406407e+03
2.099829935741215195e+03
2.503303849341179557e+03
3.199811484303566431e+03
2.803295180474983681e+03
2.064120242041671190e+03
2.705666387859283986e+03
1.958351103565667017e+03
2.348661698560168588e+03
3.052998846564047199e+03
2.346009462917479595e+03
1.637736684176524705e+03
2.587760016546885254e+03
2.480772966968958826e+03
2.604561861624748417e+03
2.717154779460581267e+03
2.795300500989009379e+03
2.396223966082712650e+03
2.400033970303955357e+03
1.618546784490042455e+03
2.426880816670993227e+03
2.859304245996730060e+03
2.329752020799353431e+03
3.052495025105182776e+03
2.570996853207327604e+03
2.260802421024236992e+03
2.170153987511209380e+03
2.225037015363347564e+03
3.137261388226047984e+03
2.111950558882183486e+03
2.218305500557693904e+03
2.054824605875089219e+03
1.933933520497958170e+03
2.930780030867080768e+03
2.687682630414422874e+03
3.025077791280654765e+03
2.693273878613129909e+03
2.376499177137040533e+03
1.919183383376829624e+03
3.730377356564019465e+03
2.728259311254400018e+03
1.762035133565664182e+03
3.321954606654174313e+03
2.695403126964523835e+03
2.623438107343587035e+03
2.569195413727055893e+03
2.315412915967278423e+03
2.779953640076126248e+03
2.666478992370403830e+03
2.095190335863057498e+03
2.302910454018006931e+03
1.807457714914620510e+03
2.643611853363754562e+03
2.127413553522313123e+03
2.538240707330718578e+03
2.644040021939792496e+03
2.002492359746354396e+03
2.368003241552932195e+03
2.493184667479697964e+03
1.892511106586834558e+03
1.948939809069606099e+03
1.899647231339894006e+03
2.452883754265483731e+03
2.791069686528380316e+03
2.297490264664404094e+03
2.697208944116535804e+03
3.055634626187245885e+03
2.501730341591995511e+03
3.239189108646673048e+03
1.903354388427528193e+03
3.330917555256695323e+03
2.977493687495603353e+03
2.526644962895849403e+03
2.922661119708491697e+03
2.637405898818878995e+03
2.350069025574898660e+03
1.893625003074699634e+03
2.224259905538217936e+03
2.466709591514456406e+03
2.367529503748743991e+03
3.362733854601000985e+03
2.969182845474564601e+03
2.505130167392328076e+03
2.054627254169496609e+03
2.877259939911021320e+03
2.397181936126068194e+03
1.816028555661088149e+03
1.887080465274981634e+03
1.932693777103066395e+03
2.380063737641939042e+03
2.955814015808473869e+03
2.814120346281364618e+03
2.166982890137556296e+03
2.163558971551760806e+03
2.890691316785902472e+03
1.920574108398471253e+03
2.042902146402913331e+03
3.023827132229931522e+03
2.960006525257917929e+03
2.377768273054972269e+03
2.947643714003088462e+03
2.200977180741431766e+03
3.196376082256575955e+03
2.707706698922615033e+03
2.557365692490115180e+03
2.768921744476793265e+03
2.920954399053176985e+03
2.071901871289307564e+03
2.988267149269890069e+03
1.989312737439453485e+03
2.953822714768182323e+03
2.443808391511426635e+03
1.639908628012125519e+03
2.981171020026818951e+03
2.010733809552752746e+03
2.070602359918183083e+03
2.466503895401365298e+03
2.376134126110805482e+03
2.763125374335727429e+03
2.520648657681269469e+03
2.617533255572567214e+03
2.188352656576742447e+03
1.990035298001366755e+03
2.006382017782113962e+03
2.125130985080560095e+03
2.257906279101153814e+03
2.850276780969950323e+03
2.987415814221102664e+03
2.659019291059939860e+03
2.486365502639622719e+03
2.090187059321889137e+03
2.870992595789379266e+03
2.609812186486657083e+03
2.827434382516489222e+03
2.994516565498750424e+03
2.730869077098423531e+03
2.733231560320374228e+03
2.669015016543874481e+03
2.006055235841035028e+03
2.611848567391146389e+03
1.637188002856299363e+03
2.139048141386024781e+03
2.296082491196404590e+03
2.156170359873839516e+03
2.990230950522466628e+03
2.769648001298660347e+03
2.340689769820459333e+03
2.890392938745229912e+03
2.683796825694859308e+03
2.772008597750178524e+03
2.051242614102510288e+03
2.540902310395077166e+03
3.607315486264522860e+03
1.752719020945539341e+03
2.972054701513212876e+03
2.338092644615956942e+03
2.797304355435808247e+03
2.821496035808469514e+03
2.640138774385035958e+03
1.973391275123966352e+03
1.712572692773479048e+03
2.982917590178529736e+03
2.159234324169284264e+03
2.686391084659720491e+03
2.970348850464138650e+03
2.961125586625263168e+03
1.825576374906794399e+03
2.141299297202414436e+03
3.236291859210564326e+03
1.853430563398990216e+03
2.447478000199375401e+03
2.178993496894815962e+03
2.106221338022743112e+03
2.072176740150486694e+03
2.003094312572582339e+03
2.941608878287512198e+03
2.414084454855561034e+03
2.907254110337246857e+03
2.379721232108698132e+03
2.783103238699238318e+03
2.386468897753088186e+03
2.371361130464473717e+03
2.646654392596940397e+03
2.112615766067736331e+03
1.499053780130218456e+03
2.345893340423835070e+03
1.865460273293690534e+03
2.258594402818618164e+03
2.792080180683397884e+03
2.233844469563154689e+03
2.372398767810465415e+03
1.936017656336361597e+03
1.807120580322606202e+03
2.925225412802705250e+03
2.203590097435868756e+03
2.981257236161436595e+03
2.696166019073504231e+03
1.766157449540752623e+03
2.356170714896852587e+03
2.209653053032942807e+03
2.065518848608593544e+03
2.520819650884437578e+03
1.854624576177568542e+03
3.048187684823460131e+03
2.565599012828350169e+03
2.658811868140408023e+03
1.930930626593295301e+03
1.951378625804626836e+03
3.108661076268465422e+03
2.593304469172222525e+03
2.574528834896363151e+03
2.706166323073430249e+03
2.430700827248264432e+03
2.281109893740787356e+03
1.752886376397344520e+03
2.528908452983609095e+03
2.126163352643678991e+03
2.746457732012090673e+03
2.192044047109769963e+03
2.843964659432725966e+03
2.502527493706702444e+03
2.458483492147289326e+03
2.121478349521680684e+03
1.919245734557745209e+03
2.309760139620786504e+03
1.990430137223997008e+03
3.017846841234771546e+03
2.337805270358261623e+03
1.805838208233823934e+03
2.247833926934546525e+03
2.599656535356950371e+03
2.076308471815312714e+03
1.256299355044223830e+03
1.960529414538427545e+03
2.078484268100252848e+03
2.873442560219275038e+03
2.417626864525985638e+03
2.646203053185369754e+03
2.793221690484136161e+03
2.270213415881016317e+03
2.451666067894172102e+03
2.130247069467662186e+03
2.544957889919875925e+03
2.534150405476720152e+03
2.264315714772580577e+03
2.126815107778381389e+03
3.264600973524213259e+03
2.263378576748588330e+03
1.969880778742689927e+03
2.198837320984137477e+03
2.974434305442230198e+03
1.496588400816935291e+03
2.624930169323903101e+03
1.985568503056658074e+03
1.688849173149875696e+03
2.455568622744159256e+03
1.972537408555445609e+03
2.053454125703598947e+03
2.933239984662415281e+03
2.415771226544138244e+03
2.749094488859896956e+03
2.616907460579155668e+03
2.563717428225705589e+03
2.693181500383846924e+03
2.617281537580945951e+03
2.527288195481614366e+03
2.986112633522107899e+03
2.489144084216031843e+03
2.098012310524769418e+03
3.039982953024675226e+03
2.573381624645429838e+03
1.970611227539808397e+03
2.462690599437043147e+03
3.123626892636102639e+03
2.933088526317525975e+03
2.141202169345240691e+03
2.624917867442959050e+03
2.762289827242964748e+03
2.111294371108556788e+03
2.562901288564683909e+03
2.722062443451512081e+03
2.767379451456593415e+03
3.097092147075955836e+03
3.434915480561563527e+03
2.408871145386131502e+03
3.022902797677445051e+03
2.510111063703537639e+03
2.013586085978191477e+03
2.952873364589555877e+03
2.384764810987826422e+03
2.138925751017995935e+03
2.218714869207030461e+03
2.260622709736358502e+03
1.792282166909741591e+03
2.913984337076670727e+03
2.184068512587697114e+03
2.841778413093350537e+03
2.752362329596929612e+03
2.869824092692962950e+03
3.030497203427534259e+03
2.462399640759182603e+03
2.191974640867721973e+03
2.237051380638979481e+03
2.257923314627468244e+03
2.916683791104883312e+03
1.913569679286052178e+03
2.265178426692918038e+03
2.067413988920649444e+03
2.612443017981183402e+03
2.246533356151420776e+03
2.075838101145985547e+03
2.376155987645408459e+03
2.084105969650560837e+03
1.487256487342629498e+03
2.370864373662529943e+03
2.362125234759245359e+03
2.583505979392470181e+03
2.756755964870101707e+03
2.945202371003528242e+03
2.436658848542481337e+03
1.218078543744548142e+03
2.317693079901612691e+03
2.544836942360831927e+03
2.344793031297082962e+03
2.079452012919615754e+03
2.419186784480845290e+03
2.584835119183204370e+03
2.894754172874387223e+03
2.885807875623941072e+03
2.046634792385005312e+03
2.967519924826876377e+03
2.302503545760610450e+03
2.537260653148328402e+03
2.093816021144135902e+03
1.840290773703667810e+03
2.091866576053344943e+03
2.561471143704432507e+03
1.866818831725514883e+03
2.342607992797388761e+03
3.158743894929817543e+03
2.252720360434363101e+03
2.024528278876064178e+03
2.246293284008913361e+03
2.669456835731088177e+03
2.652995328619937482e+03
2.562337715901049251e+03
3.157684639841794706e+03
2.564498652213160312e+03
1.799110286347014153e+03
2.025278933359256598e+03
2.688130053472641976e+03
1.953159668910660457e+03
2.888089393407423813e+03
1.775804499498282212e+03
2.545365009467778691e+03
2.550934336063190131e+03
2.527774307957399287e+03
2.990096029985654241e+03
2.120738015170500603e+03
2.318008782469672497e+03
2.222628970723090788e+03
2.559899814680497002e+03
2.323799740158723125e+03
2.519316507247735444e+03
2.626247000957076580e+03
2.618371130932521737e+03
3.237735408860636198e+03
2.279637526223448276e+03
2.852760326668902508e+03
2.704838546601964481e+03
2.303902586936644639e+03
2.383833919520965082e+03
3.047371738187684514e+03
3.150555931708820935e+03
1.543896272727030919e+03
2.331862895144189679e+03
2.583569503260867805e+03
2.759740688902331840e+03
2.864373444941064008e+03
3.105097756895066595e+03
2.563110694266174505e+03
3.028341640447368263e+03
2.339261308992824524e+03
2.525637379392843286e+03
1.711454378243333849e+03
2.420483605139917927e+03
2.517311951403742114e+03
2.336285217472794557e+03
2.255761646857607502e+03
3.214683230882073076e+03
2.352500527233421508e+03
2.029747455505391827e+03
3.065920137689962758e+03
3.206910236314121903e+03
1.900562682341966820e+03
2.020494222439875102e+03
1.959163387068538896e+03
2.704557335113505360e+03
2.842126880633592009e+03
1.687116485947688943e+03
2.063058531473877792e+03
2.917403375164800309e+03
2.488387402878830926e+03
2.953915334104521207e+03
2.928593432894897433e+03
2.139754246508191500e+03
3.291933289575916206e+03
2.677289064807839168e+03
2.939444402032945618e+03
1.961712343311402037e+03
2.593849771915864949e+03
2.621563835894726708e+03
2.236396288329332492e+03
2.798059406714593479e+03
1.761766370775677615e+03
2.727591712777416433e+03
2.710899325693329047e+03
2.263651690393571698e+03
3.091436909756369460e+03
1.758816682524934095e+03
3.518808567194973421e+03
2.426686481878041377e+03
1.721847148990465712e+03
2.487267485376234163e+03
1.960147462436280193e+03
3.130674205627897663e+03
3.109816995655547544e+03
2.244805100992306052e+03
2.320625902307530851e+03
1.889445673856613666e+03
2.563930085549743580e+03
3.077922705952649721e+03
2.393003598033978051e+03
2.754976583273202323e+03
2.375768039061753825e+03
1.675015455528619668e+03
1.893066425902940637e+03
2.411249122197568340e+03
2.317983575430730070e+03
2.727025063072452667e+03
2.389272150980459173e+03
2.147345433619057076e+03
3.017618673922468133e+03
1.997821799456280814e+03
2.491744004731836412e+03
3.062767456701505125e+03
2.284365870200519566e+03
2.575242705379348536e+03
1.913600970871860227e+03
2.220624084536473674e+03
2.887682836030759063e+03
2.658314928692028388e+03
2.253763915879757405e+03
2.164673689873489820e+03
2.365058149403355856e+03
1.761069788060960491e+03
2.860809891337058616e+03
2.901402605448818122e+03
2.830198647536644330e+03
2.752149608339604583e+03
2.844230934954717668e+03
2.736095587516731939e+03
2.837389214164528312e+03
1.988726842204651120e+03
2.073108118086092873e+03
2.178594205697857888e+03
2.926781307689942878e+03
2.393635570669767731e+03
2.769775644254977578e+03
2.630899326865179773e+03
2.174284679978714848e+03
1.899127761838923789e+03
1.911562101176896704e+03
1.724283483935723552e+03
2.330072698096833847e+03
2.749473038351258765e+03
2.500918113227269714e+03
2.208239092538751720e+03
1.911809063378223073e+03
2.517776811904360329e+03
2.234434647567943102e+03
2.361256573826671683e+03
1.862095027035382600e+03
2.266472107301744472e+03
2.682821771784835164e+03
2.171304195892045300e+03
2.475845747707732698e+03
2.560657359154327423e+03
2.563425155232908764e+03
3.009573930937334808e+03
2.772336649297848453e+03
2.846919243252904380e+03
3.702802082410951698e+03
2.063357340171725809e+03
1.884556136765136444e+03
2.424896196174330726e+03
2.067478760551122832e+03
3.283613090493557138e+03
2.611602023335542526e+03
2.207308803049395920e+03
2.441567694976162784e+03
2.276487144885380985e+03
3.135130400436176842e+03
1.806630845069807947e+03
1.828216528199356162e+03
2.151230465556805484e+03
3.131958711724651948e+03
2.254660704044324120e+03
2.441010869256770548e+03
2.626222476827743776e+03
2.980382700139474309e+03
2.267745099337553711e+03
2.810396665146871783e+03
2.956876112943034514e+03
2.373488049533953017e+03
2.787841778972712746e+03
1.789803315099404017e+03
2.578990607084239855e+03
2.983832709203687955e+03
1.614642117196483014e+03
2.133294179667502704e+03
1.691947126846553601e+03
2.327358378322587669e+03
2.574429683490069237e+03
2.074246427008195042e+03
2.129761431034025463e+03
1.845816266107947285e+03
2.246235137865141496e+03
2.945902786273802121e+03
2.586917108969047604e+03
2.875352468316067643e+03
2.105246943116405873e+03
2.309684561606977240e+03
2.176969324658831283e+03
2.384133605266637005e+03
2.819935298168479221e+03
2.468694032175295433e+03
2.322696068716744321e+03
3.035197520546734268e+03
2.851003358273456797e+03
1.783682664075924095e+03
2.216679065115411504e+03
2.210730866416495246e+03
1.949582047848084585e+03
3.103075808384747688e+03
2.397969110951449693e+03
2.728359873609457736e+03
1.964748160461935413e+03
3.345806006722707025e+03
2.539360709982386197e+03
2.846855018262722297e+03
1.624559229347663859e+03
2.324601994095677583e+03
3.367105347496246395e+03
3.256838374768159611e+03
2.822610518954098552e+03
3.436681884367078965e+03
3.027746484610894640e+03
2.612320655047611126e+03
2.240719143020637603e+03
2.814403325504467375e+03
2.703279018278952208e+03
2.681935151911715366e+03
3.352726522302836202e+03
3.563055486270854999e+03
2.023671949602868153e+03
2.442102777078976032e+03
2.410333645427341708e+03
1.941271557462168175e+03
2.293798317234714432e+03
2.617936029912312733e+03
2.026211169016597523e+03
2.582213993275008761e+03
2.524687592280675290e+03
1.843532143437508694e+03
2.542597497654509425e+03
2.520724732139284242e+03
2.579687670769701981e+03
2.395632275927776391e+03
1.741604150708649740e+03
2.528737574416251846e+03
2.586614838366956974e+03
2.271453766951420675e+03
2.376955040604845635e+03
3.091495845209361050e+03
3.135867481593980301e+03
2.585535966802624898e+03
1.778666811658826418e+03
2.444803139925722917e+03
1.909096202816760979e+03
3.324798960704513320e+03
2.727860147426718413e+03
2.864145277965413243e+03
2.274110265950036592e+03
1.909819758782454755e+03
2.699489145151326738e+03
2.749320274646645885e+03
3.250293734537245655e+03
3.045873588548842235e+03
2.356233563873161074e+03
3.174378414266605432e+03
2.552127411356726952e+03
2.767437582884537733e+03
2.032597260177542921e+03
2.276232022654179673e+03
2.961589148256405224e+03
2.594503122625729702e+03
2.520337134026755848e+03
2.411098540593148755e+03
2.578286211800278124e+03
2.353941677128457741e+03
2.155442149417082874e+03
2.840210167618426567e+03
2.189709059990210335e+03
1.411284911616662157e+03
2.108014068928385768e+03
2.067671667928418628e+03
2.829661645381554081e+03
2.321648390050700527e+03
2.593624300055302683e+03
3.176361729909003770e+03
2.162208120475545456e+03
2.566281941568765887e+03
2.411387874604903118e+03
3.331487591822927243e+03
1.991952513852190350e+03
2.502096887727315789e+03
1.804814429132545229e+03
3.014108714762176533e+03
2.734206430300827378e+03
2.052596932321694112e+03
1.883590048388405421e+03
2.523101925040683000e+03
2.058574638869102273e+03
3.270142485715841303e+03
2.062387836755954595e+03
2.159489411830678364e+03
2.922101387360128228e+03
2.268028480011759711e+03
1.929813213192208195e+03
3.104671491057705680e+03
1.699901398755786431e+03
2.638041674288504964e+03
3.423099726195655421e+03
2.630287479653278297e+03
2.228810235213269152e+03
2.498992831866395136e+03
2.176799047627446726e+03
2.872148389023624986e+03
2.553949947501882434e+03
2.732313510835258057e+03
2.637454315264732031e+03
2.556830006748128199e+03
2.492671752639790611e+03
2.627294669593406070e+03
2.808736572629017246e+03
3.819574573829141627e+03
2.803782920411869782e+03
2.865871802287078935e+03
2.591434130206811460e+03
2.445002580058172043e+03
2.296640421520231939e+03
2.297848633642117420e+03
2.864798946265866107e+03
1.915646343492123378e+03
3.109022201629515166e+03
2.809716211593204207e+03
3.089659678990145039e+03
2.343067668386360310e+03
2.712640850420080369e+03
2.493944732429527903e+03
3.412294695171015974e+03
2.333284985368676644e+03
2.133749593635255678e+03
2.646460268873479890e+03
2.057721464403678056e+03
2.105226214350895589e+03
2.521499050395457743e+03
2.695801862509008060e+03
3.348831822898408063e+03
3.452877562049939115e+03
2.859225112252811869e+03
1.577068373260988892e+03
2.646524540871429508e+03
2.624146493492152331e+03
2.203627878860877900e+03
2.673219124918737634e+03
2.574791880528629918e+03
3.053903211968345204e+03
2.180658236454609323e+03
2.865473849061491819e+03
2.443099811382512598e+03
3.125168549007999900e+03
1.994500982419279353e+03
3.112512163410650828e+03
2.491707291361079569e+03
2.972238311034926937e+03
2.140513859815968317e+03
2.745350290156371557e+03
2.425358261086599214e+03
3.086004748215833388e+03
2.711752872644423405e+03
2.780285964826734471e+03
2.848997031468345540e+03
2.214992701698860856e+03
3.112779552138776580e+03
2.533982448306894184e+03
2.933560860692819006e+03
2.198772700643450207e+03
3.010809123436412847e+03
2.934216116619620607e+03
2.516502350020738504e+03
2.933152223107394093e+03
1.906520698340940044e+03
3.057886305681094200e+03
2.674178546805472706e+03
1.706609339707213167e+03
3.310858729633135226e+03
2.408188300287898528e+03
1.930324664915212679e+03
2.565165307696143827e+03
2.935785742746958931e+03
2.567404544092593824e+03
2.602073160043613370e+03
2.149545141663566028e+03
2.041626153605443960e+03
1.366970798105333415e+03
1.916927262211476091e+03
2.296751283970462737e+03
1.823784192775779502e+03
9.755303392154348785e+02
2.469327713761882023e+03
2.483667406052097249e+03
2.737866034787646640e+03
2.368395959328905519e+03
1.759515905768059383e+03
3.322387174637355656e+03
1.799424066902078948e+03
2.382104756487076884e+03
2.454252547696924012e+03
2.739377245591904284e+03
2.158063167429897021e+03
2.427543183804459659e+03
1.904299739452636913e+03
2.282991430737166411e+03
2.578808748716404352e+03
2.505959248976227173e+03
1.571909721900410659e+03
2.224588513394221991e+03
2.375704898389863047e+03
1.957399876244943471e+03
2.437219138921727790e+03
2.027746761558875733e+03
2.480104624069784222e+03
2.346738844048478313e+03
2.256997644738819872e+03
3.199277038213507240e+03
2.807738578329820484e+03
2.493189209108721570e+03
1.972011163189974468e+03
2.805040877812997223e+03
1.880147304393815830e+03
2.365351413530113405e+03
3.373785018841371766e+03
2.273554907549395921e+03
2.388245870209319037e+03
2.096144443734629021e+03
2.741054517539892458e+03
2.641585224714354808e+03
3.156190353357497315e+03
1.664888014649942988e+03
2.840707785127827265e+03
1.757493261044552582e+03
3.043131932454375601e+03
2.681250707155691998e+03
2.618731666037282594e+03
2.879670095712265720e+03
2.709523304378686589e+03
2.728331848859972979e+03
1.678328351183612313e+03
2.520837638751277154e+03
1.995177137681655040e+03
2.501183059632740878e+03
2.309978824590767090e+03
2.703703557272115177e+03
2.297109670564627777e+03
2.678992234601761993e+03
1.623985122482651832e+03
2.295839036556509200e+03
2.602628941008335460e+03
2.899062667289561432e+03
2.913092144450927663e+03
1.804972752040784144e+03
1.767192085370576933e+03
2.373460869990476112e+03
2.451058951032405275e+03
2.942075863202220717e+03
2.121661130881409463e+03
2.585082237667472782e+03
2.653958402957924591e+03
2.263286785281607081e+03
2.319824432336642076e+03
2.174555803007435770e+03
2.210093577000796813e+03
2.030556465922703865e+03
2.327179377480685162e+03
2.492735636617524506e+03
2.359817963385008625e+03
2.263434131792432254e+03
2.751531862733448634e+03
2.548694488366629685e+03
2.629060022153076716e+03
2.770605375229423316e+03
2.749765493562088068e+03
2.001702629508029759e+03
2.240617968297059633e+03
2.144979585543498615e+03
2.690997618022072857e+03
1.997672048092418436e+03
2.785850671742964096e+03
2.753824429234219224e+03
2.317510614745215207e+03
1.825324250179692626e+03
2.157479931545916770e+03
2.759870557089710928e+03
2.853378670748301829e+03
1.996459018952638417e+03
2.762841335903904110e+03
2.374731446774249889e+03
2.234079851018093905e+03
1.950056734543127959e+03
2.421896428095083138e+03
2.705148015252129881e+03
2.130937979581523905e+03
2.346988422086097216e+03
2.153520504966141289e+03
2.521743952652642292e+03
1.757255343251665408e+03
2.355581500986703304e+03
2.258010238448503515e+03
2.861679387349903209e+03
2.876124987222870004e+03
2.078112144749914933e+03
1.909812374286066415e+03
3.316672650459234774e+03
2.875325100968485458e+03
1.902518920197516763e+03
2.719606082011505350e+03
2.852705149650481417e+03
2.474106208036730095e+03
2.427513979432033466e+03
2.864811722018046112e+03
2.927568423524995524e+03
2.101802038005379472e+03
1.831988159606674117e+03
2.665834717471007934e+03
1.911573444843778589e+03
2.186773907642924769e+03
2.547150120862232598e+03
2.567944257749501958e+03
1.665168219613910651e+03
2.418267701328597013e+03
2.509705130836075114e+03
2.765870971742146139e+03
2.883515068552065713e+03
2.109322000068306806e+03
1.815627134218550509e+03
2.186827881411720227e+03
2.443684207126390902e+03
1.218502317419667179e+03
2.799565898723365990e+03
2.631299096918549822e+03
2.439803851607560773e+03
2.450461898974608630e+03
2.153169388047464054e+03
2.580003702600539782e+03
2.441217118349772136e+03
2.673234123262441244e+03
3.161466691970922056e+03
2.741733195903939304e+03
2.195481303423512600e+03
1.436523635976219111e+03
3.239026137406185171e+03
2.361959260949337477e+03
1.990513907065191688e+03
2.270656011746773402e+03
1.747067639127482835e+03
2.208871029640129109e+03
2.314908110193236553e+03
3.136683677123648522e+03
2.054586265466513396e+03
2.884698056925990841e+03
2.090736175816458399e+03
2.137217028193072565e+03
2.049146862128193334e+03
2.637407392589126175e+03
2.733860617035782525e+03
2.033953707960648899e+03
2.638043209328151988e+03
2.259400549147854235e+03
2.954634464233729432e+03
2.736233617410136958e+03
2.427257583548319417e+03
2.628291945359286274e+03
1.983924344290099270e+03
2.676318896058417977e+03
2.733701793858150268e+03
3.057913642980782242e+03
2.414172743431693561e+03
3.119222592643695407e+03
2.327134142583963239e+03
1.818778780115960899e+03
2.095844490928026971e+03
2.630004064444778123e+03
2.761004841671898703e+03
1.616022472329576203e+03
2.410993035976429383e+03
2.146783375400831574e+03
2.269538281813719095e+03
1.724257336302654039e+03
2.037989126061243724e+03
2.769173994549082636e+03
2.111456629969040932e+03
2.579243268440468000e+03
2.365440449073880700e+03
3.055463493331138125e+03
2.085910720365272027e+03
2.036854593989385194e+03
2.139727149425196785e+03
1.898206332835591638e+03
2.296306360109448633e+03
2.422053362385303899e+03
2.889631122990205768e+03
2.334092578854894782e+03
1.928828814690886020e+03
1.720080212053110017e+03
2.404418884605410312e+03
2.338394906907044060e+03
2.399489997745744859e+03
2.905706470625505972e+03
2.123864659032256895e+03
2.427354509519700059e+03
2.437872792516545815e+03
2.752633371222465030e+03
2.434491984478187078e+03
1.849518326483450437e+03
2.729437702595045721e+03
2.613280908068049939e+03
2.890153909228323755e+03
2.518411941397620467e+03
2.447484405187206448e+03
1.800482085811268007e+03
2.896839418921448214e+03
1.976318728957374105e+03
3.212483738126941262e+03
3.182764756371929252e+03
3.590155722027711818e+03
3.042360841250589147e+03
2.564693783260706368e+03
2.813134459564692861e+03
2.953062807080008497e+03
2.440791125862808258e+03
2.969178780530805852e+03
2.798396943054775420e+03
2.361579749992118195e+03
2.364520651098274357e+03
2.389208892811613168e+03
2.632623503177214388e+03
2.598066396662725765e+03
2.373903953966683730e+03
2.157169725973383720e+03
3.140430515814214687e+03
2.404933552235533170e+03
1.982107259873529529e+03
2.548213501576437011e+03
1.955235665974674930e+03
1.901501940908030065e+03
3.025215156884655698e+03
1.899424763740112439e+03
1.652591668578898862e+03
2.105198864613371825e+03
1.951687895849308461e+03
8.933666008767359017e+02
1.538836493822973125e+03
1.926161175717127207e+03
2.222706169253383450e+03
1.716743445073659359e+03
1.225535319834032634e+03
1.815965886566850259e+03
1.509313182353307639e+03
1.334412025442306913e+03
1.524770868407638091e+03
1.648041583560770732e+03
1.595179533784519208e+03
2.159630754785430327e+03
1.911530260049120898e+03
1.093123626780333097e+03
1.946828658282223842e+03
1.891272147690545580e+03
2.058655751489312024e+03
1.352880524671955300e+03
1.692814282769541478e+03
1.627501727900565811e+03
1.573009868565346096e+03
1.572425134265828092e+03
1.753561784613955524e+03
2.327677638713659235e+03
1.979309504843989771e+03
